1,4,99~3,4,99
4,0,46~4,0,48
4,4,61~5,4,61
9,2,320~9,5,320
0,2,271~3,2,271
0,5,248~2,5,248
2,5,75~3,5,75
1,2,13~3,2,13
7,4,158~7,5,158
1,0,13~4,0,13
7,8,143~7,8,146
9,5,14~9,5,17
8,1,148~8,2,148
7,6,15~7,6,15
3,6,83~4,6,83
9,1,166~9,2,166
2,6,150~2,6,152
6,1,230~6,2,230
4,2,46~4,3,46
5,7,113~7,7,113
5,6,204~5,8,204
7,7,44~7,7,46
5,2,294~5,5,294
6,4,251~6,7,251
3,4,179~3,5,179
7,6,190~7,7,190
5,4,124~5,4,127
0,5,311~0,7,311
1,6,55~1,8,55
7,2,50~8,2,50
2,0,100~5,0,100
4,0,286~4,2,286
6,0,230~9,0,230
9,5,157~9,9,157
6,2,127~7,2,127
5,7,49~5,8,49
0,1,38~0,3,38
1,2,55~1,4,55
7,3,212~9,3,212
8,1,247~8,2,247
6,0,127~8,0,127
6,7,247~6,8,247
0,4,271~0,7,271
8,4,315~8,6,315
2,7,47~5,7,47
4,2,243~6,2,243
3,3,241~3,5,241
3,4,199~4,4,199
8,8,129~8,8,132
5,0,77~5,2,77
4,3,281~4,5,281
3,9,276~4,9,276
4,6,208~5,6,208
6,3,156~9,3,156
2,8,133~3,8,133
0,2,119~2,2,119
7,7,300~9,7,300
7,1,235~7,2,235
7,6,264~7,8,264
2,3,28~2,4,28
0,4,126~3,4,126
4,9,182~5,9,182
4,3,230~4,5,230
8,7,56~8,7,59
7,8,259~8,8,259
1,6,260~1,8,260
4,0,283~4,0,285
0,8,16~1,8,16
8,0,156~8,0,158
4,5,7~6,5,7
7,3,79~7,4,79
5,2,137~5,2,140
0,1,29~0,3,29
0,4,190~2,4,190
4,5,89~6,5,89
2,5,227~2,8,227
7,8,142~9,8,142
0,2,92~0,4,92
1,0,20~1,1,20
0,6,180~0,8,180
3,6,107~5,6,107
0,1,293~0,4,293
1,8,5~4,8,5
1,1,165~2,1,165
2,1,90~4,1,90
3,2,32~5,2,32
2,6,234~2,6,236
4,4,15~4,7,15
7,5,112~7,8,112
4,2,178~6,2,178
4,8,54~4,9,54
9,6,221~9,8,221
5,2,249~7,2,249
4,9,101~6,9,101
8,1,175~9,1,175
6,8,115~9,8,115
2,2,73~2,4,73
6,2,48~8,2,48
8,2,82~8,4,82
7,8,11~7,9,11
6,4,113~6,4,115
8,3,103~8,4,103
4,8,168~7,8,168
6,8,122~8,8,122
1,6,87~2,6,87
1,7,152~2,7,152
3,4,60~3,4,62
1,4,169~1,4,172
6,3,72~7,3,72
3,0,142~5,0,142
5,1,117~7,1,117
9,3,123~9,5,123
7,0,129~7,3,129
7,5,96~7,8,96
7,9,221~9,9,221
0,5,145~1,5,145
8,7,11~8,8,11
6,7,255~8,7,255
0,0,274~0,2,274
5,6,119~7,6,119
4,5,312~6,5,312
5,7,76~7,7,76
3,4,115~5,4,115
5,2,13~7,2,13
9,5,246~9,7,246
2,6,59~5,6,59
3,2,216~5,2,216
9,0,84~9,3,84
0,5,231~0,7,231
5,5,178~7,5,178
7,3,8~7,6,8
9,7,83~9,9,83
4,0,217~4,2,217
5,2,132~7,2,132
7,4,173~7,5,173
7,5,40~7,8,40
7,3,153~7,5,153
0,9,29~4,9,29
5,8,274~5,8,274
0,5,154~2,5,154
7,8,70~7,9,70
1,7,259~1,9,259
6,2,17~6,4,17
1,4,224~3,4,224
9,4,244~9,6,244
6,8,72~8,8,72
7,5,151~7,7,151
0,6,71~0,8,71
8,0,151~8,3,151
0,7,3~0,7,5
2,1,191~2,3,191
2,6,127~4,6,127
3,7,125~3,7,128
4,5,125~4,8,125
2,7,279~5,7,279
8,1,123~8,4,123
3,7,96~5,7,96
7,2,155~7,4,155
6,7,126~7,7,126
2,9,278~4,9,278
0,1,117~0,1,120
4,5,297~4,5,297
4,4,107~7,4,107
3,6,92~3,9,92
5,5,269~5,6,269
0,8,30~2,8,30
7,0,260~7,2,260
5,0,297~5,2,297
7,8,8~9,8,8
3,3,108~3,6,108
9,5,219~9,5,221
5,8,314~5,8,317
4,7,318~4,8,318
3,6,62~5,6,62
1,5,139~3,5,139
0,7,317~2,7,317
2,7,207~4,7,207
6,7,328~6,9,328
0,4,74~1,4,74
8,8,135~8,8,139
1,5,122~2,5,122
1,6,207~4,6,207
5,9,35~6,9,35
6,8,204~6,8,205
1,4,46~3,4,46
6,3,247~9,3,247
7,6,331~9,6,331
0,2,253~0,3,253
2,4,72~2,6,72
7,6,318~9,6,318
0,5,168~0,7,168
3,8,52~5,8,52
8,7,156~8,9,156
4,5,93~7,5,93
1,3,306~1,5,306
5,3,121~6,3,121
0,4,174~2,4,174
9,6,247~9,8,247
7,4,291~7,6,291
2,0,194~2,3,194
6,6,145~9,6,145
7,8,155~9,8,155
3,3,223~3,5,223
4,0,308~5,0,308
4,8,307~4,9,307
9,7,192~9,8,192
8,5,283~8,7,283
3,1,73~3,1,75
1,3,222~4,3,222
5,2,23~5,4,23
8,7,38~8,8,38
0,4,123~2,4,123
0,4,147~0,7,147
7,0,188~7,3,188
4,5,48~4,7,48
1,9,288~2,9,288
2,8,94~4,8,94
6,2,242~7,2,242
6,4,55~6,6,55
0,1,93~0,2,93
7,2,149~7,5,149
3,9,76~6,9,76
9,1,91~9,4,91
0,7,126~0,8,126
7,2,119~7,4,119
7,7,53~7,9,53
4,4,266~4,7,266
3,0,274~5,0,274
4,9,99~6,9,99
0,0,177~0,2,177
2,2,251~4,2,251
7,4,259~7,4,262
3,3,144~5,3,144
6,0,255~8,0,255
1,6,172~3,6,172
4,5,208~5,5,208
8,7,103~8,9,103
1,0,58~1,2,58
3,3,8~3,6,8
3,8,108~4,8,108
6,1,73~6,2,73
5,2,330~6,2,330
6,1,301~6,1,302
7,2,146~7,3,146
7,3,243~7,5,243
7,1,49~7,2,49
5,4,166~5,6,166
5,2,194~7,2,194
2,4,138~2,4,139
8,4,1~8,4,3
5,2,154~5,5,154
5,2,187~5,5,187
7,6,189~7,8,189
7,2,256~7,4,256
5,0,55~7,0,55
1,2,257~1,4,257
0,6,60~0,6,62
5,5,279~8,5,279
5,7,60~7,7,60
5,4,110~5,4,111
9,2,66~9,3,66
2,6,199~4,6,199
3,3,151~3,4,151
9,8,9~9,9,9
1,8,172~4,8,172
0,7,319~0,9,319
7,5,75~9,5,75
5,5,64~7,5,64
3,9,172~6,9,172
2,5,114~2,6,114
9,7,259~9,9,259
4,0,277~6,0,277
9,4,324~9,4,326
4,8,82~6,8,82
3,9,15~5,9,15
7,3,274~9,3,274
5,6,123~5,6,123
3,4,129~3,5,129
2,1,250~4,1,250
4,5,293~4,7,293
1,5,141~3,5,141
2,4,48~2,6,48
0,8,57~1,8,57
2,2,242~4,2,242
1,5,147~1,7,147
3,7,21~3,8,21
6,3,191~8,3,191
1,3,58~1,4,58
1,7,92~1,9,92
6,5,38~8,5,38
5,9,176~6,9,176
5,7,80~7,7,80
5,4,323~7,4,323
4,4,40~6,4,40
2,1,186~4,1,186
1,5,111~1,7,111
4,6,253~6,6,253
1,3,258~4,3,258
1,6,208~1,6,210
6,4,174~8,4,174
5,7,78~8,7,78
9,5,191~9,5,193
9,7,255~9,9,255
6,7,281~9,7,281
1,8,126~4,8,126
5,0,152~5,1,152
6,9,289~7,9,289
3,6,10~3,8,10
0,5,140~3,5,140
7,2,306~9,2,306
7,6,298~9,6,298
3,9,142~6,9,142
6,5,96~6,7,96
0,1,18~1,1,18
2,0,168~2,2,168
1,4,259~3,4,259
6,5,291~6,5,293
8,9,290~8,9,293
4,0,212~4,2,212
5,2,21~8,2,21
5,1,327~5,3,327
9,3,1~9,5,1
0,5,59~0,8,59
2,4,118~2,7,118
0,7,87~0,7,90
2,6,268~5,6,268
8,4,13~8,5,13
4,3,309~4,5,309
0,8,228~3,8,228
2,0,301~5,0,301
6,3,265~9,3,265
6,8,86~6,8,87
2,5,250~2,7,250
1,8,266~2,8,266
6,3,324~6,5,324
5,2,207~5,4,207
6,1,195~6,2,195
6,5,121~9,5,121
0,7,61~0,9,61
6,5,282~7,5,282
6,4,255~6,6,255
2,9,38~2,9,39
0,6,195~0,8,195
2,4,58~5,4,58
4,9,102~6,9,102
5,3,236~7,3,236
3,4,49~6,4,49
5,1,216~6,1,216
7,4,54~9,4,54
2,4,105~2,7,105
8,2,210~8,4,210
7,0,56~9,0,56
6,1,137~8,1,137
6,7,133~6,9,133
4,6,161~4,9,161
7,7,265~9,7,265
4,2,34~6,2,34
1,1,190~1,1,190
4,6,191~4,8,191
4,2,157~4,2,160
9,3,241~9,4,241
2,2,16~2,2,19
1,1,86~4,1,86
6,2,261~6,3,261
9,0,113~9,2,113
0,8,250~3,8,250
4,1,316~4,3,316
3,5,14~3,6,14
5,0,335~5,2,335
7,5,327~7,7,327
3,7,276~5,7,276
7,0,156~7,2,156
4,1,69~7,1,69
0,8,116~2,8,116
9,4,328~9,6,328
3,6,210~5,6,210
2,2,113~2,4,113
1,6,122~1,7,122
7,8,257~9,8,257
3,2,25~3,5,25
3,3,155~4,3,155
8,9,267~8,9,271
0,4,109~1,4,109
5,1,158~7,1,158
2,7,197~4,7,197
8,3,107~8,4,107
5,4,42~8,4,42
1,2,281~3,2,281
5,1,25~8,1,25
0,1,12~0,2,12
5,7,98~5,9,98
4,5,206~4,8,206
3,9,239~5,9,239
2,1,298~6,1,298
7,8,204~7,9,204
6,5,13~6,5,13
6,4,59~6,5,59
2,5,131~4,5,131
3,8,70~5,8,70
7,5,102~7,8,102
1,3,235~1,5,235
6,2,246~6,2,246
8,0,312~8,2,312
2,7,144~2,7,146
5,3,314~7,3,314
4,6,110~7,6,110
0,0,89~0,2,89
2,1,143~2,2,143
0,4,22~0,7,22
1,0,278~1,2,278
5,3,24~5,5,24
2,6,145~4,6,145
7,4,292~9,4,292
3,3,278~3,6,278
3,4,208~6,4,208
6,6,57~6,9,57
9,2,220~9,2,222
0,8,186~0,9,186
4,3,96~6,3,96
5,0,89~5,0,90
4,0,273~4,3,273
2,4,314~2,4,316
8,0,275~8,3,275
7,0,131~8,0,131
1,9,100~2,9,100
3,8,128~3,8,130
6,3,270~6,5,270
9,3,305~9,5,305
3,0,157~3,2,157
2,1,159~2,2,159
5,5,304~7,5,304
3,7,172~5,7,172
7,2,318~7,5,318
3,5,132~3,8,132
1,2,182~2,2,182
0,1,28~2,1,28
2,8,114~4,8,114
8,2,279~8,4,279
1,7,301~3,7,301
5,5,244~5,7,244
4,8,117~6,8,117
8,3,3~9,3,3
6,2,115~6,2,117
2,0,158~2,3,158
2,4,261~2,4,262
2,5,299~2,7,299
1,0,181~4,0,181
1,5,189~4,5,189
5,8,170~7,8,170
2,6,42~2,8,42
3,2,270~3,4,270
3,2,65~3,4,65
5,6,182~5,6,183
2,7,122~4,7,122
3,5,234~3,8,234
4,9,32~7,9,32
5,7,139~5,7,142
1,8,147~1,9,147
7,3,270~7,5,270
4,2,2~6,2,2
6,0,264~9,0,264
1,4,47~2,4,47
1,4,149~1,7,149
3,0,105~3,0,108
7,5,197~7,7,197
2,6,28~2,8,28
0,8,88~3,8,88
6,7,215~9,7,215
3,2,35~3,2,37
3,7,18~6,7,18
6,7,90~8,7,90
1,2,189~1,3,189
0,5,93~2,5,93
4,6,303~6,6,303
0,3,18~0,5,18
4,1,275~4,4,275
5,5,165~7,5,165
9,5,217~9,8,217
6,2,215~6,4,215
6,0,281~9,0,281
1,1,111~1,4,111
7,1,9~9,1,9
6,4,160~7,4,160
1,0,60~3,0,60
6,1,82~6,1,84
4,0,88~6,0,88
6,8,89~6,9,89
9,6,85~9,7,85
7,2,3~7,5,3
6,0,90~6,0,91
4,4,113~4,6,113
8,2,154~8,2,157
8,8,205~9,8,205
4,5,294~4,6,294
7,5,33~7,6,33
4,9,139~6,9,139
7,6,160~7,7,160
5,0,15~7,0,15
2,2,142~2,5,142
4,0,336~7,0,336
4,8,173~6,8,173
5,5,290~8,5,290
0,7,152~0,9,152
4,9,279~6,9,279
0,1,25~0,2,25
3,2,265~5,2,265
5,4,252~6,4,252
1,4,300~1,7,300
4,1,70~4,3,70
3,6,170~3,8,170
1,4,141~1,4,142
3,6,185~3,8,185
4,7,298~7,7,298
5,7,161~5,9,161
7,3,244~7,4,244
4,1,264~4,4,264
5,2,226~8,2,226
1,2,7~4,2,7
6,1,181~6,2,181
2,1,289~6,1,289
2,3,31~2,4,31
8,3,214~9,3,214
9,7,283~9,8,283
7,5,271~7,8,271
3,2,228~5,2,228
4,1,83~4,3,83
1,4,127~1,4,127
6,9,288~8,9,288
5,4,56~5,6,56
1,7,174~4,7,174
3,1,99~4,1,99
8,3,277~8,5,277
5,1,33~5,3,33
1,7,172~2,7,172
1,8,111~4,8,111
5,1,149~7,1,149
7,7,127~7,9,127
4,6,270~5,6,270
0,2,155~3,2,155
3,4,295~3,6,295
4,3,265~4,5,265
3,3,85~5,3,85
1,1,189~5,1,189
9,5,223~9,6,223
1,1,173~1,1,175
0,2,33~0,2,36
5,7,285~7,7,285
0,5,235~0,8,235
5,0,182~5,0,185
0,1,288~0,3,288
4,2,92~4,5,92
5,3,324~5,6,324
2,9,31~3,9,31
2,2,120~2,2,123
6,9,68~8,9,68
4,1,45~4,4,45
0,8,8~2,8,8
4,7,181~4,7,181
1,9,242~3,9,242
0,6,183~0,8,183
0,2,134~0,4,134
2,3,177~2,5,177
2,4,180~2,6,180
3,5,269~3,8,269
0,6,14~0,9,14
2,5,240~2,5,242
2,1,249~4,1,249
2,2,114~4,2,114
7,7,219~7,9,219
0,6,112~0,8,112
6,0,114~6,3,114
6,4,8~6,5,8
0,2,179~0,3,179
4,6,269~4,8,269
4,6,305~4,8,305
7,2,193~7,5,193
3,5,106~6,5,106
9,5,229~9,8,229
6,0,137~9,0,137
8,3,56~8,5,56
4,1,283~7,1,283
4,7,165~6,7,165
5,4,317~5,7,317
4,8,255~5,8,255
5,6,89~5,8,89
2,6,65~3,6,65
7,9,176~9,9,176
7,0,4~9,0,4
7,2,186~7,5,186
3,8,252~5,8,252
8,6,229~8,8,229
1,4,11~3,4,11
6,0,87~6,1,87
9,2,242~9,5,242
7,2,77~7,5,77
4,6,64~4,8,64
0,3,142~0,5,142
1,2,268~3,2,268
7,0,271~7,2,271
5,2,27~6,2,27
6,3,43~6,4,43
4,1,81~7,1,81
5,2,15~8,2,15
1,1,113~1,3,113
9,0,325~9,2,325
1,0,96~2,0,96
0,4,19~0,5,19
0,2,248~0,2,250
5,0,332~5,2,332
5,3,306~5,5,306
5,2,279~5,3,279
0,8,143~2,8,143
2,7,71~5,7,71
3,3,125~6,3,125
7,3,206~9,3,206
2,8,186~4,8,186
3,5,177~5,5,177
7,4,51~7,4,53
7,1,12~7,4,12
1,0,149~1,2,149
0,7,123~1,7,123
5,7,259~8,7,259
8,5,77~8,5,80
3,0,192~3,1,192
2,7,171~4,7,171
0,3,127~0,4,127
4,4,39~5,4,39
1,0,249~1,2,249
4,3,198~6,3,198
6,3,98~7,3,98
6,2,138~7,2,138
7,9,84~9,9,84
0,3,167~1,3,167
3,4,239~7,4,239
2,7,63~5,7,63
1,6,17~1,8,17
9,9,3~9,9,3
7,0,125~7,3,125
3,9,71~6,9,71
7,8,173~8,8,173
5,1,92~7,1,92
0,1,10~0,3,10
9,0,81~9,2,81
2,3,137~2,6,137
6,0,12~6,1,12
4,8,12~7,8,12
0,4,140~2,4,140
4,8,127~5,8,127
7,9,224~7,9,225
1,6,309~1,6,310
6,3,299~8,3,299
2,1,71~5,1,71
3,0,304~3,2,304
0,9,279~2,9,279
7,1,269~8,1,269
4,1,274~5,1,274
2,5,316~2,7,316
3,2,135~6,2,135
8,6,3~8,9,3
9,1,252~9,4,252
0,5,301~3,5,301
4,0,16~6,0,16
2,4,134~2,5,134
1,3,166~1,6,166
3,3,124~6,3,124
6,6,225~9,6,225
3,3,314~3,3,316
2,9,250~5,9,250
5,3,167~6,3,167
6,7,183~9,7,183
4,7,158~7,7,158
0,2,300~0,2,301
1,2,5~1,4,5
3,3,273~3,5,273
9,0,11~9,3,11
5,0,235~8,0,235
8,6,121~8,8,121
0,0,171~2,0,171
0,0,195~2,0,195
0,0,179~2,0,179
7,2,227~7,2,230
6,0,49~6,2,49
4,3,24~4,6,24
0,8,198~3,8,198
8,1,311~8,3,311
7,1,172~9,1,172
6,5,179~6,7,179
0,9,287~3,9,287
4,8,195~8,8,195
0,0,279~0,3,279
0,0,76~3,0,76
0,0,247~0,2,247
6,0,11~7,0,11
9,2,63~9,5,63
8,5,214~8,5,216
7,9,133~9,9,133
8,2,308~8,5,308
6,5,273~6,5,275
0,3,90~0,5,90
3,5,229~4,5,229
1,7,69~1,9,69
2,5,14~2,8,14
3,2,9~3,2,10
8,4,118~8,6,118
8,6,184~8,8,184
6,3,3~6,6,3
5,2,109~5,4,109
3,7,312~3,9,312
8,3,124~9,3,124
8,1,266~8,3,266
0,4,133~0,5,133
4,0,256~7,0,256
1,0,161~3,0,161
9,4,60~9,5,60
2,8,33~2,8,35
7,7,252~9,7,252
0,0,1~2,0,1
1,3,247~3,3,247
4,2,147~4,4,147
5,6,275~7,6,275
0,6,150~0,8,150
4,5,327~6,5,327
3,4,327~5,4,327
6,0,142~6,1,142
0,3,30~0,3,31
3,5,142~5,5,142
4,3,153~4,4,153
0,4,265~0,5,265
1,6,49~2,6,49
5,4,302~5,6,302
5,0,161~5,2,161
6,9,150~9,9,150
2,0,307~4,0,307
7,5,200~7,8,200
5,3,307~7,3,307
7,7,35~9,7,35
8,6,194~8,7,194
6,6,202~8,6,202
4,4,81~4,6,81
2,5,196~2,7,196
0,7,82~2,7,82
0,2,270~2,2,270
0,3,165~0,5,165
9,2,303~9,5,303
6,2,32~8,2,32
4,7,136~4,9,136
1,4,117~2,4,117
6,1,241~6,4,241
8,6,146~8,9,146
9,4,66~9,4,68
1,5,276~1,7,276
2,4,303~2,5,303
0,4,177~0,6,177
3,8,23~3,8,25
0,2,87~0,5,87
3,1,118~3,1,120
7,2,108~7,5,108
7,6,5~7,9,5
4,3,201~6,3,201
1,4,108~2,4,108
1,4,120~1,6,120
0,1,276~3,1,276
8,7,159~9,7,159
4,5,289~7,5,289
1,5,50~1,8,50
5,7,256~8,7,256
9,6,325~9,9,325
4,5,180~6,5,180
7,4,187~7,7,187
4,1,146~6,1,146
5,1,63~5,5,63
4,7,27~7,7,27
5,3,299~5,4,299
6,3,164~8,3,164
3,4,105~3,8,105
0,4,114~2,4,114
2,8,194~5,8,194
2,0,223~2,1,223
5,7,29~5,7,30
7,7,8~9,7,8
4,4,267~6,4,267
2,2,290~4,2,290
6,4,10~6,5,10
0,1,284~3,1,284
6,7,299~8,7,299
1,7,72~1,9,72
7,3,273~8,3,273
5,4,152~5,6,152
8,6,57~9,6,57
2,8,55~5,8,55
6,5,310~8,5,310
5,2,219~5,2,222
4,8,77~4,9,77
1,4,153~1,7,153
8,2,321~9,2,321
3,4,48~3,4,48
0,1,15~0,2,15
1,4,53~1,7,53
3,2,82~4,2,82
2,1,287~2,3,287
4,7,315~6,7,315
1,6,197~3,6,197
2,6,183~2,9,183
2,5,52~2,8,52
4,9,331~6,9,331
7,3,324~7,5,324
9,0,1~9,2,1
0,6,318~0,7,318
4,0,271~4,3,271
0,1,262~2,1,262
4,3,104~4,5,104
8,1,51~8,2,51
1,1,193~1,1,195
1,7,298~3,7,298
1,0,147~2,0,147
6,5,183~8,5,183
9,6,231~9,6,232
3,9,73~6,9,73
1,3,245~1,6,245
4,0,282~7,0,282
1,1,172~3,1,172
3,5,299~3,8,299
1,1,244~3,1,244
3,0,308~3,0,311
5,4,37~5,7,37
0,4,264~2,4,264
2,5,28~2,5,30
0,1,157~0,2,157
2,7,26~2,9,26
0,6,170~0,6,173
1,0,14~4,0,14
2,9,94~3,9,94
6,2,213~9,2,213
7,0,284~8,0,284
6,6,43~8,6,43
8,5,233~8,6,233
3,0,139~6,0,139
1,2,114~1,2,116
7,7,82~9,7,82
9,0,13~9,4,13
7,5,255~7,5,256
3,4,117~3,6,117
2,6,74~2,8,74
2,5,38~5,5,38
8,1,54~8,1,57
4,3,330~4,5,330
8,5,46~8,7,46
8,0,14~8,2,14
5,0,267~5,2,267
6,3,36~6,7,36
6,2,30~8,2,30
1,7,156~1,8,156
5,3,62~5,5,62
3,5,114~3,7,114
8,5,55~8,7,55
4,0,44~7,0,44
6,6,73~9,6,73
1,7,39~4,7,39
7,6,226~7,8,226
7,5,292~7,5,294
4,8,85~4,8,86
0,1,184~3,1,184
2,6,85~4,6,85
0,7,193~0,9,193
7,3,239~9,3,239
2,7,295~4,7,295
7,3,69~7,3,70
8,7,227~9,7,227
2,6,142~2,9,142
4,8,13~4,9,13
4,2,308~7,2,308
8,0,322~8,2,322
5,2,93~8,2,93
9,4,10~9,7,10
6,8,33~6,9,33
0,4,73~0,6,73
3,6,168~3,8,168
6,4,168~6,7,168
2,0,97~4,0,97
0,1,99~0,3,99
8,1,161~8,1,163
3,6,293~3,7,293
3,3,142~6,3,142
6,0,58~9,0,58
1,8,257~3,8,257
4,1,156~4,4,156
9,6,76~9,6,76
5,6,18~5,6,19
0,9,95~1,9,95
5,3,118~5,5,118
6,0,113~6,2,113
4,2,210~6,2,210
5,3,37~8,3,37
4,0,15~4,2,15
4,9,165~5,9,165
5,2,80~8,2,80
2,3,76~5,3,76
2,7,8~5,7,8
3,9,286~6,9,286
9,2,140~9,2,142
5,0,129~6,0,129
3,2,27~3,2,29
5,1,224~5,3,224
6,5,88~6,7,88
3,5,174~6,5,174
5,8,272~8,8,272
5,0,134~7,0,134
4,4,175~6,4,175
2,9,3~5,9,3
9,2,331~9,5,331
8,1,235~8,1,238
5,7,278~7,7,278
1,5,308~3,5,308
0,2,112~0,5,112
1,6,112~1,8,112
2,3,268~4,3,268
3,4,302~3,6,302
1,5,237~2,5,237
0,9,98~3,9,98
7,9,148~8,9,148
0,5,113~0,6,113
2,0,196~2,0,196
4,9,65~7,9,65
8,5,105~8,7,105
3,6,118~5,6,118
4,4,189~5,4,189
1,5,82~4,5,82
2,7,309~5,7,309
0,4,275~0,4,277
0,5,275~0,7,275
9,3,276~9,5,276
2,2,245~2,4,245
4,5,133~6,5,133
7,1,134~7,2,134
4,6,22~4,7,22
1,8,32~1,9,32
2,1,139~5,1,139
4,4,26~4,5,26
5,2,258~7,2,258
4,5,284~4,6,284
6,4,72~6,6,72
0,3,98~2,3,98
4,8,43~7,8,43
7,4,273~8,4,273
0,4,227~2,4,227
6,3,317~9,3,317
6,7,293~8,7,293
7,1,169~9,1,169
6,3,66~6,5,66
3,5,73~3,8,73
3,6,142~4,6,142
4,6,17~4,6,18
4,3,12~4,5,12
5,2,75~5,4,75
1,8,110~3,8,110
2,3,313~2,5,313
0,1,116~0,3,116
6,4,98~6,6,98
9,8,160~9,8,160
2,7,25~5,7,25
6,4,100~8,4,100
0,5,233~2,5,233
9,3,166~9,4,166
7,4,301~7,6,301
7,0,338~7,2,338
1,0,184~1,0,187
8,6,232~8,6,232
2,0,73~2,1,73
2,8,254~3,8,254
9,6,11~9,6,13
1,6,74~1,8,74
0,1,297~0,3,297
3,2,165~5,2,165
8,1,90~9,1,90
1,7,76~1,8,76
6,9,281~6,9,284
5,1,66~6,1,66
9,5,149~9,5,152
2,7,184~3,7,184
5,5,211~8,5,211
4,2,311~4,2,313
2,5,251~2,5,252
1,2,244~1,4,244
1,4,282~3,4,282
8,1,22~8,3,22
0,3,191~0,4,191
4,5,231~4,7,231
2,7,230~4,7,230
7,4,55~7,4,56
5,6,216~6,6,216
4,2,261~4,4,261
2,6,231~2,9,231
5,6,312~5,8,312
0,2,22~2,2,22
2,0,261~2,2,261
1,8,2~4,8,2
8,0,59~8,0,62
3,1,225~5,1,225
7,9,72~9,9,72
2,4,96~2,6,96
8,6,160~8,8,160
1,0,90~4,0,90
7,8,98~7,9,98
0,6,238~2,6,238
5,0,9~7,0,9
2,2,319~2,5,319
3,0,103~5,0,103
7,7,29~9,7,29
5,2,274~5,4,274
1,5,311~1,5,314
6,9,130~8,9,130
5,9,174~6,9,174
7,4,32~7,7,32
8,3,121~8,4,121
5,2,276~6,2,276
4,3,203~4,3,204
1,7,57~3,7,57
7,2,79~9,2,79
6,4,44~8,4,44
0,0,114~0,3,114
8,6,117~8,8,117
9,2,109~9,4,109
1,3,188~4,3,188
6,4,334~9,4,334
6,1,244~8,1,244
1,2,95~1,5,95
5,0,279~6,0,279
2,3,126~6,3,126
2,2,24~5,2,24
4,3,297~6,3,297
4,2,248~7,2,248
0,4,95~0,5,95
3,7,235~3,7,238
9,1,201~9,1,203
1,4,230~1,4,232
3,2,218~3,3,218
7,7,191~9,7,191
0,6,68~2,6,68
1,0,98~1,0,100
8,4,106~9,4,106
7,1,95~8,1,95
5,8,130~6,8,130
7,5,156~7,7,156
9,0,138~9,2,138
4,8,203~8,8,203
0,4,178~1,4,178
1,8,302~3,8,302
6,4,47~9,4,47
2,8,188~4,8,188
5,4,247~5,6,247
8,9,175~9,9,175
4,1,190~4,4,190
3,5,119~3,8,119
3,0,12~3,2,12
4,2,139~4,4,139
0,2,290~0,2,292
2,6,38~2,8,38
7,5,189~9,5,189
6,0,227~6,3,227
8,0,27~8,1,27
1,0,144~3,0,144
3,5,110~4,5,110
7,4,161~9,4,161
8,6,218~9,6,218
5,9,177~5,9,179
0,7,263~2,7,263
6,5,213~6,7,213
5,7,64~5,9,64
7,3,73~7,5,73
3,5,311~6,5,311
6,0,163~6,2,163
7,2,208~7,3,208
3,1,137~3,2,137
2,5,148~2,7,148
2,4,135~4,4,135
6,4,325~6,8,325
3,1,101~4,1,101
2,1,169~5,1,169
5,3,3~5,3,5
4,6,234~4,7,234
5,6,65~7,6,65
2,1,265~2,1,265
1,3,117~3,3,117
0,5,276~0,8,276
2,3,110~4,3,110
6,2,81~6,2,83
2,5,192~2,7,192
4,7,34~4,9,34
7,8,66~8,8,66
7,5,4~7,5,4
6,1,200~7,1,200
2,1,220~4,1,220
2,9,97~5,9,97
0,9,188~0,9,191
7,0,6~7,3,6
2,9,253~4,9,253
2,1,183~2,2,183
8,1,59~8,1,60
1,6,243~1,7,243
3,5,186~3,5,188
2,5,83~5,5,83
2,1,301~2,3,301
2,3,164~2,5,164
6,0,52~7,0,52
5,6,181~5,8,181
7,0,111~9,0,111
0,2,298~0,4,298
7,1,233~7,3,233
9,1,269~9,2,269
0,3,268~0,5,268
8,0,232~8,1,232
6,8,261~8,8,261
6,2,145~8,2,145
3,7,42~3,9,42
3,8,271~5,8,271
4,5,197~6,5,197
5,1,93~6,1,93
1,5,96~1,8,96
9,3,164~9,5,164
4,3,277~4,3,279
8,9,74~9,9,74
7,6,63~7,8,63
0,5,252~0,8,252
9,5,147~9,8,147
2,2,25~2,5,25
4,3,308~6,3,308
0,7,230~0,9,230
6,7,123~6,8,123
2,7,107~2,8,107
9,5,154~9,7,154
5,9,80~6,9,80
8,8,41~8,9,41
9,8,262~9,9,262
4,6,272~6,6,272
1,5,121~2,5,121
0,3,163~2,3,163
8,6,144~8,8,144
9,5,247~9,5,249
5,3,88~7,3,88
5,7,248~5,9,248
1,5,305~1,8,305
0,3,130~0,5,130
1,3,187~3,3,187
4,4,64~4,4,66
8,7,323~8,8,323
0,5,5~2,5,5
4,7,249~6,7,249
7,4,176~7,7,176
5,7,242~5,9,242
1,9,3~1,9,6
0,4,241~0,6,241
1,2,151~1,2,152
9,8,161~9,9,161
7,5,152~7,7,152
0,6,308~3,6,308
7,7,282~8,7,282
3,5,286~5,5,286
1,1,241~1,2,241
8,5,2~8,5,2
6,2,110~6,4,110
1,7,144~1,9,144
8,3,216~8,4,216
5,7,216~7,7,216
2,3,275~2,5,275
7,1,90~7,3,90
1,5,1~2,5,1
8,5,40~8,6,40
3,3,184~3,5,184
7,2,268~7,5,268
6,3,218~6,3,221
0,1,246~4,1,246
5,5,108~5,5,110
1,4,110~2,4,110
6,0,238~8,0,238
8,2,209~8,5,209
0,3,7~2,3,7
9,4,224~9,8,224
9,3,327~9,4,327
2,8,166~5,8,166
0,7,201~0,8,201
7,6,71~7,8,71
2,0,272~2,2,272
0,4,236~0,5,236
2,9,237~3,9,237
5,0,36~5,1,36
7,0,263~9,0,263
4,4,159~5,4,159
8,4,101~8,8,101
0,6,194~2,6,194
0,8,311~2,8,311
8,1,200~8,1,201
2,1,16~4,1,16
9,3,57~9,5,57
2,1,162~2,2,162
0,4,273~2,4,273
8,6,93~8,8,93
4,9,329~6,9,329
5,3,276~6,3,276
4,2,93~4,4,93
1,2,254~3,2,254
5,1,70~7,1,70
6,3,162~6,6,162
0,1,32~0,2,32
1,3,78~3,3,78
5,3,242~7,3,242
2,6,12~3,6,12
5,2,195~5,5,195
4,9,173~8,9,173
6,5,150~8,5,150
3,5,39~3,5,41
1,8,230~3,8,230
2,7,85~2,7,89
0,8,12~3,8,12
0,2,9~0,3,9
4,3,20~4,3,23
2,1,279~2,3,279
5,9,168~5,9,170
9,0,267~9,2,267
5,4,246~5,6,246
5,0,79~5,1,79
2,0,224~4,0,224
2,1,91~2,3,91
2,3,312~5,3,312
7,4,247~7,6,247
3,2,162~7,2,162
4,1,125~4,1,126
5,7,73~7,7,73
0,4,154~3,4,154
1,2,170~4,2,170
0,7,251~3,7,251
4,2,136~6,2,136
3,9,291~5,9,291
2,6,140~4,6,140
3,6,79~3,9,79
4,2,94~4,2,97
5,3,267~5,3,271
2,0,226~4,0,226
0,0,285~0,2,285
4,5,27~4,6,27
5,0,181~5,2,181
0,5,85~0,8,85
4,8,84~6,8,84
4,3,10~4,5,10
6,1,198~9,1,198
2,5,102~6,5,102
3,7,141~3,8,141
6,9,8~8,9,8
6,4,68~7,4,68
3,6,274~3,9,274
7,3,311~7,5,311
5,2,238~5,4,238
9,2,216~9,2,217
5,5,292~5,5,293
4,1,96~5,1,96
6,2,166~7,2,166
2,9,261~2,9,261
5,5,308~5,7,308
6,5,195~8,5,195
0,0,204~2,0,204
3,1,288~5,1,288
3,9,78~5,9,78
2,7,68~2,9,68
2,4,281~2,7,281
8,8,14~8,9,14
3,0,89~3,2,89
8,7,158~8,7,158
0,7,25~0,7,27
5,3,46~6,3,46
7,5,36~7,8,36
5,0,213~5,2,213
6,5,161~6,7,161
7,6,2~9,6,2
2,7,44~4,7,44
1,6,54~1,8,54
1,5,113~3,5,113
0,3,312~0,5,312
1,7,265~1,9,265
2,7,67~2,8,67
8,6,154~8,9,154
3,8,80~4,8,80
3,7,135~5,7,135
1,6,275~3,6,275
3,7,36~4,7,36
0,5,274~0,5,274
1,1,197~1,1,198
0,4,118~1,4,118
0,2,294~0,3,294
5,1,119~5,4,119
7,4,253~7,8,253
2,4,186~5,4,186
4,6,86~6,6,86
8,5,295~8,7,295
4,3,19~4,6,19
6,7,288~7,7,288
3,4,50~3,7,50
7,4,50~7,7,50
5,3,204~8,3,204
1,0,93~1,1,93
9,0,322~9,3,322
6,9,12~7,9,12
4,1,277~4,1,280
6,0,252~6,3,252
5,7,294~5,7,295
1,7,18~1,7,21
3,2,147~3,4,147
1,4,3~1,7,3
7,3,67~7,5,67
4,2,84~4,2,87
9,1,87~9,5,87
5,4,128~6,4,128
6,1,166~8,1,166
8,4,291~8,6,291
3,4,141~5,4,141
9,0,282~9,0,284
5,3,7~5,3,9
7,3,215~7,6,215
4,2,143~7,2,143
5,6,13~7,6,13
0,6,69~2,6,69
7,6,249~7,8,249
3,7,138~5,7,138
0,7,110~3,7,110
1,6,79~1,8,79
5,6,326~5,9,326
0,9,260~2,9,260
4,1,188~6,1,188
7,0,301~7,3,301
3,3,186~6,3,186
7,9,160~9,9,160
3,2,277~4,2,277
0,0,2~0,0,4
2,7,113~4,7,113
2,7,234~2,9,234
0,5,15~3,5,15
9,4,322~9,6,322
6,8,126~8,8,126
9,0,330~9,3,330
6,3,116~6,3,116
2,0,17~2,0,20
1,2,284~1,6,284
9,2,250~9,3,250
7,9,265~9,9,265
0,6,17~0,6,19
7,2,321~7,4,321
3,0,18~3,2,18
8,0,155~8,0,155
6,0,145~6,1,145
4,8,209~5,8,209
4,9,289~5,9,289
3,2,173~3,4,173
5,2,175~8,2,175
6,1,75~6,1,78
4,8,274~4,8,275
8,0,110~8,3,110
8,0,154~9,0,154
5,3,99~5,5,99
8,1,160~8,2,160
3,1,122~5,1,122
6,0,190~7,0,190
6,5,171~8,5,171
5,4,181~5,5,181
3,6,165~4,6,165
9,7,44~9,9,44
3,8,246~6,8,246
8,4,218~8,4,221
1,7,66~2,7,66
5,7,54~7,7,54
0,8,301~3,8,301
7,7,43~9,7,43
0,9,100~0,9,102
6,5,295~7,5,295
1,1,10~1,3,10
4,2,79~4,5,79
2,4,128~4,4,128
1,2,240~5,2,240
2,4,182~4,4,182
2,2,181~2,4,181
3,1,138~5,1,138
2,2,33~2,2,36
8,4,301~8,6,301
5,6,35~7,6,35
8,7,62~9,7,62
2,2,28~2,2,31
1,4,14~3,4,14
8,7,216~8,7,218
5,3,264~7,3,264
2,2,260~2,3,260
5,6,16~5,6,16
1,4,210~3,4,210
6,4,272~8,4,272
3,4,43~4,4,43
6,6,111~6,7,111
6,3,117~8,3,117
0,9,35~3,9,35
8,2,323~8,4,323
3,7,291~6,7,291
9,3,126~9,4,126
3,1,20~3,1,22
6,6,122~6,6,123
1,8,35~1,8,38
6,3,4~6,6,4
5,0,42~9,0,42
4,8,208~5,8,208
3,5,93~3,7,93
0,6,320~0,8,320
9,1,14~9,3,14
0,0,287~0,0,290
7,1,315~9,1,315
4,6,164~4,9,164
4,0,253~4,3,253
2,7,310~2,9,310
8,6,321~8,9,321
4,5,69~7,5,69
0,5,239~2,5,239
6,0,144~8,0,144
3,8,233~3,9,233
1,1,281~3,1,281
8,4,312~8,7,312
9,4,321~9,6,321
7,1,122~7,4,122
2,3,72~5,3,72
5,0,39~7,0,39
4,4,197~6,4,197
8,2,113~8,4,113
5,2,5~5,2,5
2,5,226~3,5,226
5,7,67~5,8,67
0,0,174~0,3,174
3,6,7~3,8,7
9,1,140~9,1,142
1,6,241~1,8,241
9,7,148~9,8,148
6,2,57~6,4,57
1,6,56~2,6,56
0,4,7~2,4,7
3,7,180~6,7,180
9,4,300~9,6,300
3,3,220~3,5,220
6,4,153~6,6,153
7,5,11~9,5,11
6,3,255~6,3,258
3,8,243~6,8,243
0,3,161~3,3,161
0,8,89~3,8,89
5,6,53~8,6,53
3,0,300~3,3,300
8,1,11~8,4,11
6,5,99~8,5,99
7,2,46~7,4,46
2,4,188~2,6,188
1,6,86~3,6,86
1,8,249~3,8,249
7,2,18~9,2,18
3,7,314~3,9,314
9,2,163~9,4,163
7,0,273~7,1,273
5,4,121~5,6,121
1,0,198~1,0,201
3,4,150~5,4,150
3,1,115~3,3,115
1,5,70~1,7,70
0,1,166~0,3,166
2,9,104~4,9,104
4,2,173~6,2,173
3,6,11~5,6,11
5,3,146~5,5,146
7,9,152~9,9,152
1,3,265~1,4,265