216518090678054, 311610807965630, 244665409335040 @ -24, -43, 118
119252599207972, 265844340901442, 404506989029618 @ 93, 9, -69
366376232895280, 243548034524148, 222429607201000 @ 18, 38, 19
366517276321338, 250547136436792, 243938758923718 @ 139, -10, -205
166200350180001, 323659703510393, 230835970819638 @ -11, -43, 141
247426713212921, 279271926549850, 481885509191322 @ 11, -20, -271
370063858634024, 248989120363758, 282814346038834 @ -67, 17, -161
240705836953025, 267382166368213, 237494972923844 @ 143, -17, 75
193878831701102, 269889550979367, 414320811019698 @ -36, 9, -39
307846273847919, 179334012250086, 22477557032057 @ 139, 260, 762
280342553482089, 252447176665186, 220895081604913 @ 127, 12, 96
230065390795095, 174193116905743, 122461289713603 @ 127, 175, 316
189058729874520, 343015057835776, 191090944102756 @ 62, -102, 179
326597572486782, 276614062863688, 202398232558750 @ 139, -100, 128
346085716828686, 230951019114664, 192109742796910 @ -43, 72, 174
335407270798888, 309023119410092, 132600277220543 @ 26, -178, 368
389565665329782, 226658566036672, 260680569029470 @ 11, 179, -401
301157491374423, 200942179566502, 304272180592003 @ 59, 148, -120
415642556113034, 212684644279544, 192257703841998 @ -153, 518, 141
336774243360501, 330987970361578, 260818811778841 @ 79, -308, -100
192997683358362, 374906313296952, 187266487875326 @ 127, -186, 185
300207637866620, 289042691694092, 398766085721794 @ -123, -16, -53
163887403945986, 321335613082596, 257343607849442 @ 19, -49, 108
295933245866170, 169788553290998, 161606604148218 @ 192, 300, 281
262506287939978, 296478155534137, 439667442995373 @ -48, -35, -150
152849225341118, 475871290552772, 32867084808278 @ 36, -220, 353
175797821870838, 79107416504377, 365861305373773 @ 100, 275, -76
229194112858570, 72551933157540, 388501837443490 @ 26, 288, -113
303817326338988, 283424168258392, 196965071699743 @ -114, -14, 172
322158230584272, 272909959639933, 195616164291301 @ 194, -95, 154
414984492572013, 253209385601452, 242920727223883 @ -125, -122, -758
202181660086473, 259371260393057, 95607499890953 @ 19, 15, 300
74713124894766, 257355093893424, 390600547815382 @ 88, 21, -20
335935401975595, 158377056418746, 383460764488320 @ -141, 152, -85
325050842130057, 132893926917746, 73637128106138 @ 127, 476, 641
213162424779664, 317297144286642, 423629991191904 @ 99, -91, -220
304059628835460, 253708441924396, 261471168043876 @ 19, 12, 12
331152301847458, 282216553290232, 381458533161774 @ 30, -86, -427
256546506266712, 335844863007286, 229610240635528 @ -73, -69, 136
349152058420653, 287736204071269, 264566689860451 @ -55, -87, -28
238415953102322, 329892402568853, 236637215602668 @ -64, -57, 131
266535510890318, 458032031573470, 247205343714276 @ -100, -185, 122
412683972949042, 488394157912694, 341731925412380 @ -234, -603, -216
391002624772212, 257809741507633, 158167286684290 @ 114, -125, 553
201411683578388, 254970303353942, 365157026329368 @ 11, 21, -34
279714041509242, 110142327639286, 259943365034364 @ -14, 265, 60
350334739026900, 257483212779922, 214936635242794 @ 43, -21, 75
364691209742632, 474844221714138, 414817957846152 @ -129, -487, -328
319136307860718, 343790859339112, 117374435540398 @ 121, -332, 447
311472837396162, 39606878697316, 277230010228390 @ 37, 581, -53
238988057909935, 248298780502347, 390637654110823 @ -27, 29, -74
358088500084494, 390953901504144, 464003722846030 @ -164, -184, -227
388632159852040, 162520977927783, 168593699222222 @ 102, 905, 405
118906095245334, 236619090168904, 405352510617346 @ 54, 42, -42
480629301184314, 388859092627756, 392126195062558 @ -323, -123, -39
98077024383045, 383184511074507, 33579561754037 @ 79, -111, 344
316204950650727, 220958040533218, 263548628763631 @ 113, 116, -78
404913220583664, 252804512442193, 209326171369960 @ -6, -87, -101
219129124496361, 499407147575740, 151207984125682 @ -27, -258, 225
198712366290088, 287196870841812, 351260789209748 @ -30, -10, 15
407385152985483, 392513463303286, 340292919269881 @ -205, -500, -362
303676378689408, 272153976280642, 316391338671778 @ -46, -16, -47
168691328931603, 176636767260756, 3865240443576 @ 295, 182, 587
238566423316995, 318257668659037, 326691039906496 @ 151, -131, -125
169178620503330, 346839286020969, 479874345899775 @ 64, -97, -190
361471070116476, 286617658972730, 251995774540344 @ -53, -109, -30
290204900005147, 250334742692541, 355740304730206 @ 161, 15, -347
223224862120502, 372034953065662, 437698856277814 @ 68, -176, -227
172969492639374, 166176543153576, 240710017767022 @ 136, 158, 100
369951038058594, 435001943783104, 317525711786254 @ -82, -610, -251
365384371985160, 267551687299816, 298603744955912 @ -23, -62, -270
327880428341106, 247893630283882, 345930340559776 @ -126, 29, -40
67735684592763, 375465197975671, 298200488296228 @ 165, -123, 51
381558777091179, 263681143155575, 183824291877927 @ -41, -69, 212
356076483006753, 80497556841352, 333359058351001 @ -65, 514, -240
333088957744362, 264482525902072, 262760475118822 @ 7, -26, -37
361724160956156, 240583816590794, 206352799517052 @ -147, 41, 150
123052626062807, 313644405937635, 300889254127480 @ 47, -37, 67
239924192759660, 60750205593151, 446867923351388 @ -54, 241, -109
213127569544554, 19996247546698, 188791852623346 @ 234, 563, 183
279627877502580, 286317117319771, 293652295650142 @ -18, -37, 5
292720123824260, 262214576927934, 423627392210358 @ -49, 5, -199
328810652171982, 257354928251968, 266672737266166 @ 36, -7, -62
169983062676942, 318327655194028, 335086735415818 @ 44, -55, 6
183706950805788, 258458893055212, 245261661884908 @ 45, 16, 110
345890261014533, 380446988239642, 487947924961858 @ -119, -216, -367
342575658228951, 191481904911127, 261148253089324 @ -101, 139, 39
248907724331898, 162987194695372, 146389136112738 @ -23, 145, 240
206594834325798, 292858630267552, 324561003112054 @ -15, -21, 28
363600455031630, 231031705961102, 221827384918880 @ 28, 99, 24
282128668300074, 147799880762290, 261776644939630 @ 114, 291, -11
353828317740263, 417884541191917, 87673047745268 @ 41, -725, 627
286366577067638, 303638612261173, 328643730883570 @ -60, -53, -23
227077068288953, 248173604737100, 352772079906385 @ -55, 30, 10
351092399289606, 251740026717108, 254661785009732 @ -8, 8, -48
235945849068722, 303415434899994, 357287999777214 @ -64, -28, 5
137215020981744, 57915404912204, 266523500755278 @ 37, 228, 101
254914063306860, 237609869899463, 338091305855556 @ -86, 41, 27
378378488123533, 238488106105072, 267411582853108 @ -79, 58, -137
368438639596519, 326805444244973, 251589822257654 @ -141, -147, 45
383691417691483, 293275660460782, 312841010125878 @ -217, -20, 45
231576315889134, 260042365708408, 301571920537414 @ 8, 12, 24
392673348910962, 263057692464436, 208083975437134 @ -26, -112, 37
75992940368893, 228358342467253, 92120499008366 @ 195, 55, 309
374884954798902, 298852685009660, 420478610562242 @ -182, -55, -196
335104656507870, 232012268761776, 282791627881766 @ -104, 56, 15
351967972007483, 236538105005534, 199264157724174 @ -25, 60, 149
400524088648938, 277011809052692, 331317007161968 @ -218, -28, -88
323309762794620, 261585473175418, 192939044381740 @ 11, -13, 172
344207758952292, 213298750144306, 160423675283071 @ 38, 152, 292
275757727868254, 156556824590176, 342601289768966 @ 6, 193, -96
314836796267604, 286022521705352, 293802274191518 @ -53, -46, -19
290968512248096, 214722883918838, 134342233707476 @ 171, 131, 362
261671525044526, 239327241937901, 156583119567320 @ -36, 41, 227
384640529166087, 412432199779426, 226573678872307 @ -189, -280, 112
337024932338894, 78807240908584, 148963624324526 @ 41, 616, 324
136564406012110, 332229873711720, 185675939520622 @ 173, -99, 187
310662517192808, 281337797068334, 252662600669160 @ -45, -37, 60
154565939500940, 275083005244472, 450805602575798 @ 89, -6, -159
45240287868408, 322279447460337, 352055408533413 @ 142, -49, 8
401369607467366, 270531548890149, 189780067262229 @ -108, -153, 180
275713341594900, 264825694485056, 329261389787076 @ -59, 6, -10
254214187059614, 386065971363917, 426900314624997 @ -52, -141, -112
81056698416582, 299452482350272, 246571424606394 @ 112, -26, 119
269808974054150, 374643799128008, 224090763806228 @ -16, -174, 126
331163647301034, 327237873630064, 356182432065874 @ -143, -72, -32
307048730371701, 345575966748504, 313287473043573 @ -59, -142, -34
306545120864418, 241173487778802, 225155777621468 @ 214, 47, 36
241890373698318, 430276332749224, 229018709365822 @ 20, -254, 120
290571352985418, 406964018932122, 218753030225288 @ 112, -424, 99
348010365977358, 320215445469352, 400899976367598 @ -77, -152, -337
129758974450687, 87477205534896, 258591586445211 @ 203, 282, 72
240844569894216, 162525500646022, 322340885859718 @ 151, 219, -119
342606595508148, 221705373360442, 240985264789138 @ 5, 109, 11
312683503773456, 324329392269688, 310153069628571 @ -62, -110, -36
287993811549620, 93433848653505, 243564249505029 @ 162, 507, 12
333509008176668, 236980909493200, 270784267346230 @ 30, 58, -83
330300837784818, 276232672310872, 218702618428438 @ -63, -34, 119
376239697115862, 246224517774660, 210442318660390 @ 88, 20, 25
69972868023078, 188134614814352, 335819996551622 @ 85, 89, 38
426145591564398, 367208991352552, 484356007285678 @ -271, -352, -745
74786068239720, 156627922533364, 355918540610392 @ 81, 120, 18
183948943467072, 292305260490076, 187555421268610 @ -31, -12, 183
351238443258034, 263450219742992, 296940330679970 @ -73, -16, -100
217934331433422, 110872580258984, 237953726607150 @ 151, 302, 84
280348405523118, 228369310287592, 403883878689838 @ -82, 54, -87
178331825619838, 327124852585752, 298334375382398 @ -15, -49, 72
254267111181202, 155982702427572, 211966402946062 @ -79, 129, 157
306929340888876, 228578292110479, 318797082603517 @ -62, 61, -40
215094203170797, 476849779673989, 261792829180855 @ -27, -227, 100
107237000091662, 61502787921696, 163809301257726 @ 204, 303, 219
209444795338070, 164086623629142, 165237707277906 @ 72, 159, 219
257384848585776, 439582138724707, 359440002316285 @ -78, -181, -6
220911587477890, 171086682379709, 293361342591929 @ -48, 111, 72
247157887295200, 281735698206938, 310643605454072 @ 17, -25, -10
318692399120582, 347238226873000, 273766403320386 @ -66, -158, 24
406041846408794, 309259507516764, 450002194751308 @ -238, -52, -164
135577374088138, 332166464775152, 401563292297933 @ 80, -70, -70
399074356000014, 246383223842005, 203266674187060 @ -132, 23, 107
158778025307744, 221843435149442, 338233931036188 @ 33, 59, 16
362184273033230, 163233606362280, 204563863009582 @ -102, 246, 142
283190227894195, 272711454974019, 357448321650788 @ -19, -15, -109
353651745104829, 512073697340150, 412540243385824 @ -143, -420, -197
289187781663166, 173804022722424, 292070368893686 @ 54, 200, -60
398252283920688, 368270854705306, 382827612796354 @ -235, -93, -17
284289813231268, 273833246936303, 252200546319174 @ -30, -15, 77
374170289409798, 244798327963396, 226069313832782 @ 70, 31, -67
197091478388246, 256491841420746, 397348871947060 @ 56, 17, -110
292624658799486, 269804989062056, 272741560030302 @ 67, -30, -28
259050603321633, 257664344508757, 255390815882098 @ -51, 17, 97
376881745187313, 247542615827167, 211767217094818 @ 13, 15, 49
349160070812730, 376823268976663, 235084508646919 @ -184, -103, 134
245747066046638, 262689007492392, 509522253443918 @ -67, 14, -168
393519087546363, 237600522273973, 222726735052480 @ -135, 63, 39
336465088900558, 498664293413162, 234653529621808 @ -36, -627, 64
217100312265006, 344988732369391, 184644230660345 @ 28, -107, 188
376176863726918, 263324094001992, 250332714342638 @ -64, -46, -75
204431901393134, 11643815048, 187026773608494 @ 74, 408, 185
307913026487766, 330406367117746, 169529097512564 @ 88, -227, 242
387371828122974, 281675271600280, 243060527973670 @ -122, -112, -28
411773516868342, 213061975314752, 189640099899118 @ -128, 414, 181
286898844244683, 238501950707721, 292913377030952 @ -5, 45, -13
409869484051614, 236127499153990, 187490433114013 @ -52, 168, 216
380208084044076, 189023702694769, 247054272850396 @ -158, 167, 43
408691720150692, 256274529136030, 174489497294332 @ -27, -165, 434
224174847872746, 284822368246036, 318741813673506 @ -54, -8, 47
193394891122586, 287576868196310, 337149163913099 @ -16, -12, 24
410588662770158, 229345633586802, 202275698399298 @ -52, 293, -37
355826801539035, 184514060061658, 200663919464569 @ 37, 300, 132
333399502894854, 316196827998116, 292493545728018 @ 22, -193, -144
298455760131543, 141405526724827, 218725229457883 @ 9, 257, 118
157195802345346, 225273094553988, 319762082406418 @ 46, 56, 31
265862483475513, 206082194309492, 285328744096368 @ -47, 86, 51
415254950716699, 242002693940451, 206774449834137 @ -169, 63, -30
74754256359988, 261656069185642, 279976278595868 @ 102, 16, 87
411721873403458, 282899437623030, 224983073365699 @ -120, -460, -272
332182243119951, 254014858466549, 197129362065852 @ 199, -15, 143
346778691220061, 248902617060845, 220755630010527 @ -43, 21, 92
132347612943763, 138051695979542, 332744271449493 @ 95, 164, 6
414637731732132, 231701560650418, 233893371652306 @ -167, 181, -333
261774412926688, 467236048542874, 360455038990742 @ 15, -347, -111
227582388485250, 272291324882383, 225622458203242 @ 152, -25, 105
336506094010718, 270199217783248, 373607437343450 @ 20, -50, -417
281915396681998, 165951355571944, 540458015916302 @ -120, 112, -168
253055669639236, 136048725487584, 434760301979894 @ -22, 186, -163
148520083151412, 295632750198676, 413475624778627 @ 18, -18, -46
378715995729409, 335694450953482, 275757653209060 @ -159, -176, -17
368369794255697, 271354469764744, 223104905267721 @ -67, -62, 62
434982997725138, 481870909987717, 460466905773673 @ -280, -351, -258
392879160696748, 335465922067944, 213193658357184 @ -145, -318, 90
403503636500845, 243252034073048, 197379425306526 @ 17, 50, 69
395175319163988, 242767322501767, 209591506185868 @ -70, 45, 43
391703751817488, 255077332091392, 214003009224118 @ -6, -54, -19
204683643088070, 329310956530300, 380999563665234 @ -6, -65, -42
342600051387412, 279067255248290, 241350325163864 @ -34, -64, 35
360081734409654, 286551243971344, 357686992107082 @ -174, -24, -50
126654270594218, 170360057971887, 386707376595705 @ 120, 129, -72
183525411111678, 260298934358296, 375621727547998 @ 10, 16, -29
299205028945314, 303911853517522, 254608319749078 @ -32, -76, 61
329184125590894, 246971932298024, 336039797238510 @ -117, 30, -43
322792486877646, 220583328230632, 377457257585422 @ -134, 64, -56
419435165302821, 286437518674526, 281645232145072 @ -251, -84, -77
217522321032330, 281758873755304, 321128770173418 @ 91, -30, -44
318794706209120, 249521461182094, 303817658737640 @ -79, 25, -18
157938373922786, 444501419180124, 332599933607498 @ 27, -183, 26
310467730403700, 235137631474156, 231642415575082 @ -41, 52, 99
139215667470460, 168136711369627, 91399776434932 @ 242, 169, 355
382410587476674, 250022375122540, 210410751390994 @ 17, -5, 38
332481576026063, 263795404878357, 147720126799073 @ 125, -49, 360
54587418345388, 289083593657032, 203616956670568 @ 135, -14, 166
307857289367520, 303104043599480, 294378732310992 @ 37, -118, -90
408679771449003, 260685813773836, 213416195130554 @ -65, -194, -151
257295451910534, 283204751959708, 428699176645678 @ -94, -5, -59
159666409282503, 290446621425727, 316158839531018 @ 31, -17, 41
215897388729849, 257033488098289, 226793412635023 @ 213, 5, 96
170576842900174, 47318734964680, 128842055682342 @ 308, 478, 318
367743575024982, 282067478970184, 224577145485190 @ -62, -102, 55
254413558765734, 29192528703030, 347509128032004 @ 16, 387, -78
332054475077448, 19420546699804, 123663107010520 @ 5, 692, 374
281586263509010, 282534003391706, 292522131647032 @ -42, -25, 22
367782224858820, 554809292817051, 338987803691867 @ -134, -679, -162
217818338071032, 357860128722538, 384029399133460 @ 54, -140, -117
368942642220960, 247341096679463, 236227736228919 @ -26, 21, -22
458398106057629, 388337799291399, 344249654049998 @ -297, -115, 21
175486708910718, 266425325001742, 380304794734462 @ 20, 9, -35
181174836134598, 298773383937832, 408153273508588 @ 24, -30, -76
217926489602142, 168751514438527, 109769000743876 @ 268, 229, 387
375778053732822, 228544939740524, 216502659259954 @ -14, 117, 40
290213538304038, 321829850376769, 364449162929302 @ -60, -83, -83
302815854784217, 127168260814486, 278851843630605 @ -33, 256, 12
171105371029384, 76027186166984, 257067928537807 @ 266, 386, 40
405060768311300, 304913367875465, 229648362434623 @ -82, -579, -224
376281433238886, 286324353792202, 218284039225528 @ 88, -281, -34
267560400204886, 215988582514852, 375930322775364 @ -96, 64, -16
158506929657057, 187296542391886, 171233290351858 @ 27, 96, 201
224982359550102, 193863137595628, 317818482588442 @ 198, 151, -116
382082058574818, 247752010823992, 212382304097638 @ -21, 14, 47
385849455747486, 262755247444768, 407383792958758 @ -102, -45, -754
380735544962762, 273511809690984, 241570943306860 @ -168, -30, 67
321028416798750, 274374370294360, 103720686032494 @ 109, -75, 493
299298516518736, 254838042131134, 291622357826569 @ 46, 8, -72
363769494222150, 217022759784994, 352948558447624 @ -176, 73, -52
245844786185280, 365966021627252, 349601878424080 @ -71, -96, 10
206397416088342, 352993701470008, 406912198862350 @ -49, -72, -31
282713537264292, 252890036707657, 281221029219229 @ -14, 19, 20
347032863275598, 235746309991808, 220934976911094 @ 100, 75, 32
305070914605173, 326960735534771, 259581396916490 @ -65, -103, 65
197336015503398, 326787638996992, 349691658007483 @ 68, -86, -52
333811991526504, 503252822580851, 160429361949737 @ -38, -613, 254
229059876312972, 38823204459196, 143833004035053 @ 226, 550, 296
304275293705658, 285028147618940, 99800796118206 @ 130, -100, 477
301180248223703, 225898016967642, 194070412304098 @ 69, 84, 169
291701588587074, 357222750551455, 326446279975558 @ 8, -197, -99
185027867114254, 121181306709040, 290103076545398 @ 12, 175, 66
221166484605182, 331296858902560, 320738903976038 @ 32, -92, -9
287397793976542, 265738588258241, 286600159727503 @ 12, -9, -14
348471414559686, 275500900081893, 281643435869995 @ 52, -97, -206
353847046926142, 375444970400656, 371860769465102 @ -186, -107, -15
369979187370678, 313227867982432, 270663883421518 @ 130, -476, -419
161492628324546, 410545300020196, 376051641606750 @ 37, -155, -31
372646792146114, 189940795181353, 199866933777007 @ 136, 465, 100
196411714489707, 116610980510395, 326664462601774 @ 57, 213, -11
328705000239212, 251842882778912, 252141776999960 @ -9, 14, 14
197881715453192, 285062749766046, 367503679318867 @ -6, -12, -20
277584233328581, 420410201106041, 294669004507202 @ 77, -375, -63
398021561762913, 334532860679040, 200036513522433 @ -35, -790, 86
391025759840828, 232474043519352, 221046779424438 @ -111, 90, 33
381633416731488, 194816086234462, 158471565153268 @ -10, 336, 371
371359957992942, 250969828829144, 257213321759486 @ 58, -7, -238
366627306302811, 258891118126465, 219976946692183 @ 137, -69, -34
124827725286658, 289405589675152, 288495296489508 @ 216, -38, 23
251251530122660, 385316476804344, 388263898503414 @ -46, -142, -67
348946755540613, 485369674298517, 309150193606618 @ -75, -571, -119
404930425983340, 308909473099122, 179281784418559 @ -142, -396, 250
257007458299788, 452692426681758, 219086711163198 @ -35, -249, 141
399275519793960, 398289074607571, 276004264404928 @ -214, -269, 11
396324487660852, 245733270054562, 208898752825498 @ 27, 19, -29
358865055166244, 55999232249120, 379190661535474 @ -46, 666, -455
395368989252811, 290325717968741, 139857256658989 @ -117, -207, 442
377672545118318, 267174379976572, 238580328047678 @ 12, -104, -115